0 0
1 0
2 -8
3 -8
4 0
5 -6
6 -6
7 -8
8 -8
9 0
10 0
11 -12
12 0
13 0
14 0
15 0
16 -6
17 0
18 -8
19 0
20 -4
21 -8
22 -8
23 0
24 0
25 -8
26 -4
27 -12
28 -8
29 -4
30 -2
31 -6
32 -4
33 0
34 0
35 0
36 -4
37 -8
38 -4
39 -6
40 -4
41 -4
42 -8
43 -4
44 0
45 0
46 0
47 0
48 0
49 -6
50 0
51 0
52 -4
53 -10
54 0
55 -6
56 0
57 0
58 -4
59 -4
60 0
61 -8
62 -4
63 -4
64 -4
65 -6
66 -4
67 -6
68 -4
69 -4
70 -4
71 -12
72 -6
73 -4
74 -4
75 -4
76 -4
77 -4
78 -8
79 -6
80 -8
81 0
82 0
83 -8
84 0
85 -6
86 -8
87 0
88 0
89 0
90 0
91 -4
92 0
93 -4
94 0
95 -6
96 0
97 -4
98 -8
99 -4
100 0
101 -4
102 0
103 -6
104 0
105 -4
106 -4
107 -6
108 -4
109 -4
110 -4
111 0
112 -4
113 -4
114 0
115 6
116 4
117 0
118 2
119 4
120 0
121 0
122 -4
123 -4
124 -4
125 -8
126 -6
127 0
128 -6
129 -4
130 0
131 0
132 0
133 -6
134 -6
135 -4
136 0
137 0
138 2
139 0
140 0
141 0
142 0
143 0
144 0
145 6
146 2
147 0
148 6
149 10
150 12
151 10
152 20
153 10
154 16
155 18
156 24
157 22
158 26
159 22
160 30
161 28
162 26
163 30
164 32
165 34
166 36
167 40
168 40
169 44
170 40
171 38
172 46
173 48
174 50
175 52
176 12
177 2
178 62
179 70
180 70
181 32
182 32
183 38
184 60
185 50
186 46
187 36
188 34
189 36
190 38
191 54
192 50
193 66
194 62
195 60
196 62
197 36
198 46
199 80
200 82
201 80
202 56
203 56
204 66
205 76
206 72
207 60
208 62
209 70
210 60
211 60
212 60
213 64
214 68
215 70
216 68
217 68
218 70
219 64
220 62
221 46
222 38
223 72
224 60
225 54
226 64
227 72
228 48
229 60
230 42
231 54
232 68
233 56
234 50
235 52
236 68
237 52
238 72
239 42
240 28
241 36
242 54
243 30
244 30
245 6
246 30
247 18
248 32
249 16
250 22
251 12
252 44
253 38
254 40
255 52
256 32
257 32
258 28
259 52
260 24
261 16
262 20
263 16
264 14
265 16
266 0
267 6
268 18
269 24
270 6
271 -6
272 2
273 0
274 0
275 -16
276 -22
277 -32
278 -26
279 -14
280 0
281 -32
282 -12
283 -32
284 8
285 -16
286 -12
287 -26
288 -4
289 -16
290 -32
291 -30
292 -26
293 -26
294 -32
295 -18
296 0
297 0
298 -18
299 -18
300 -22
301 -28
302 -20
303 -36
304 -30
305 -60
306 -20
307 -30
308 -26
309 -46
310 -24
311 -42
312 -58
313 -54
314 -48
315 -32
316 -42
317 -60
318 -64
319 -56
320 -52
321 -34
322 -38
323 -40
324 -54
325 -66
326 -50
327 -70
328 -60
329 -58
330 -54
331 -46
332 -62
333 -66
334 -56
335 -40
336 -44
337 -58
338 -52
339 -40
340 -36
341 -52
342 -64
343 -56
344 -40
345 -42
346 -54
347 -70
348 -64
349 -58
350 -50
351 -76
352 -80
353 -82
354 -64
355 -64
356 -78
357 -78
358 -70
359 -82
360 -84
361 -90
362 -80
363 -80
364 -100
365 -90
366 -94
367 -100
368 -100
369 -100
370 -96
371 -90
372 -92
373 -88
374 -82
375 -86
376 -90
377 -86
378 -88
379 -90
380 -84
381 -90
382 -86
383 -86
384 -84
385 -90
386 -78
387 -78
388 -78
389 -80
390 -72
391 -70
392 -68
393 -70
394 -68
395 -66
396 -66
397 -66
398 -62
399 -64
400 -56
401 -46
402 -48
403 -10
404 6
405 2
406 0
407 -4
408 -4
409 -8
410 -4
411 0
412 -6
413 0
414 -4
415 -10
416 -6
417 -8
418 -8
419 -12
420 -4
421 -12
422 -6
423 0
424 -8
425 0
426 -2
427 -6
428 -4
429 -4
430 -8
431 -4
432 -10
433 -10
434 -16
435 -14
436 -16
437 -16
438 -24
439 -30
440 -32
441 -36
442 -36
443 -42
444 -42
445 -50
446 -52
447 -56
448 -56
449 -62
450 -64
451 -64
452 -76
453 -74
454 -76
455 -78
456 -74
457 -84
458 -88
459 -90
460 -88
461 -94
462 -88
463 -90
464 -102
465 -106
466 -112
467 -110
468 -116
469 -118
470 -110
471 -112
472 -122
473 -122
474 -128
475 -128
476 -128
477 -122
478 -130
479 -142
480 -132
481 -128
482 -134
483 -144
484 -144
485 -144
486 -132
487 -148
488 -138
489 -142
490 -130
491 -130
492 -128
493 -138
494 -152
495 -142
496 -140
497 -132
498 -164
499 -142
500 -148
501 -142
502 -156
503 -166
504 -152
505 -168
506 -160
507 -130
508 -108
509 -100
510 -108
511 -116
512 -138
513 -154
514 -120
515 -112
516 -134
517 -122
518 -132
519 -128
520 -132
521 -102
522 -98
523 -48
524 -66
525 -60
526 -66
527 -82
528 -100
529 -104
530 -110
531 -78
532 -102
533 -96
534 -80
535 -80
536 -42
537 -62
538 -72
539 -46
540 -22
541 -36
542 -22
543 -6
544 -10
545 -28
546 -20
547 -38
548 -26
549 -26
550 0
551 -20
552 -18
553 -6
554 -8
555 8
556 6
557 32
558 30
559 50
560 50
561 50
562 38
563 50
564 38
565 54
566 46
567 58
568 54
569 62
570 68
571 60
572 62
573 50
574 60
575 62
576 74
577 76
578 78
579 72
580 96
581 92
582 96
583 84
584 90
585 102
586 104
587 96
588 78
589 108
590 90
591 104
592 100
593 100
594 108
595 82
596 104
597 106
598 104
599 104
600 110
601 116
602 126
603 114
604 128
605 128
606 132
607 124
608 112
609 110
610 124
611 108
612 86
613 100
614 88
615 82
616 92
617 94
618 108
619 86
620 98
621 92
622 92
623 112
624 104
625 124
626 120
627 120
628 100
629 108
630 106
631 98
632 90
633 106
634 98
635 96
636 94
637 94
638 90
639 78
640 92
641 84
642 86
643 78
644 78
645 84
646 78
647 72
648 76
649 74
650 78
651 70
652 72
653 76
654 72
655 64
656 60
657 64
658 60
659 56
660 64
661 62
662 50
663 52
664 50
665 52
666 48
667 46
668 38
669 48
670 30
671 32
672 26
673 24
674 20
675 16
676 12
677 10
678 10
679 6
680 10
681 6
682 8
683 10
684 12
685 12
686 12
687 12
688 6
689 12
690 8
691 6
692 0
693 0
694 -4
695 0
696 0
697 0
698 -4
699 0
700 0
701 0
702 0
703 0
704 -4
705 -6
706 -6
707 -6
708 -8
709 -10
710 -8
711 -10
712 -10
713 -12
714 -12
715 -8
716 -10
717 -12
718 -16
719 -12
720 -14
721 -12
722 -12
723 -12
724 -14
725 -12
726 -12
727 -14
728 -12
729 -6
730 -6
731 -12
732 -16
733 -16
734 -16
735 -16
736 -18
737 -14
738 -14
739 -12
740 -10
741 -10
742 -10
743 -14
744 -14
745 -8
746 -10
747 -10
748 -8
749 -10
750 -12
751 -2
752 -4
753 0
754 -8
755 -6
756 -12
757 -6
758 -4
759 -4
760 -6
761 0
762 0
763 18
764 16
765 36
766 44
767 52
768 64
769 74
770 94
771 98
772 82
773 66
774 56
775 42
776 34
777 24
778 12
779 10
780 2
781 4
782 2
783 0
784 -8
785 -6
786 -6
787 6
788 12
789 14
790 12
791 8
792 0
793 2
794 -8
795 -8
796 -8
797 -4
798 -8
799 -10
800 -10
801 -8
802 -6
803 -14
804 -12
805 -8
806 -4
807 -4
808 -6
809 0
810 -6
811 -6
812 -6
813 0
814 -6
815 0
816 0
817 2
818 0
819 0
820 -4
821 -10
822 -12
823 -12
824 -10
825 -6
826 -4
827 -10
828 0
829 2
830 0
831 0
832 4
833 6
834 8
835 12
836 14
837 14
838 12
839 16
840 20
841 14
842 18
843 24
844 26
845 24
846 18
847 22
848 24
849 22
850 22
851 20
852 22
853 18
854 16
855 14
856 12
857 4
858 8
859 6
860 8
861 8
862 0
863 2
864 0
865 0
866 2
867 2
868 4
869 0
870 0
871 -4
872 0
873 -4
874 0
875 -4
876 -4
877 -4
878 0
879 -4
880 0
881 -4
882 0
883 -2
884 0
885 0
886 0
887 0
888 0
889 6
890 0
891 6
892 6
893 6
894 8
895 8
896 10
897 8
898 10
899 8
900 14
901 12
902 10
903 10
904 10
905 8
906 10
907 8
908 12
909 14
910 10
911 10
912 6
913 8
914 12
915 8
916 2
917 4
918 6
919 4
920 6
921 2
922 2
923 4
924 2
925 0
926 4
927 0
928 0
929 4
930 0
931 2
932 0
933 6
934 2
935 2
936 4
937 6
938 2
939 8
940 2
941 4
942 4
943 4
944 6
945 0
946 4
947 6
948 4
949 4
950 8
951 10
952 8
953 8
954 10
955 8
956 0
957 6
958 8
959 6
960 8
961 8
962 6
963 8
964 4
965 4
966 2
967 14
968 4
969 6
970 2
971 6
972 2
973 4
974 4
975 6
976 8
977 2
978 0
979 2
980 4
981 2
982 6
983 6
984 8
985 4
986 6
987 6
988 6
989 6
990 4
991 6
992 4
993 0
994 6
995 12
996 0
997 4
998 2
999 8